0.000000 0.000000
0.500000 0.000000
1.000000 0.000001
1.500000 0.000002
2.000000 0.000003
2.500000 0.000006
3.000000 0.000018
3.500000 0.000019
4.000000 0.000020
4.500000 0.000021
5.000000 0.000022
5.500000 0.000019
6.000000 0.000016
6.500000 0.000014
7.000000 0.000012
7.500000 0.000010
8.000000 0.000002
8.500000 0.000002
9.000000 0.000002
9.500000 0.000002
10.000000 0.000002
0.000000 0.000000
0.500000 0.000005
1.000000 0.000029
1.500000 0.000085
2.000000 0.000183
2.500000 0.000327
3.000000 0.000898
3.500000 0.000985
4.000000 0.001065
4.500000 0.001138
5.000000 0.001204
5.500000 0.000849
6.000000 0.000598
6.500000 0.000421
7.000000 0.000297
7.500000 0.000209
8.000000 0.000041
8.500000 0.000033
9.000000 0.000026
9.500000 0.000020
10.000000 0.000016
0.000000 0.000000
0.500000 0.000010
1.000000 0.000048
1.500000 0.000125
2.000000 0.000253
2.500000 0.000438
3.000000 0.001358
3.500000 0.001468
4.000000 0.001577
4.500000 0.001684
5.000000 0.001790
5.500000 0.001465
6.000000 0.001200
6.500000 0.000982
7.000000 0.000804
7.500000 0.000658
8.000000 0.000175
8.500000 0.000165
9.000000 0.000151
9.500000 0.000136
10.000000 0.000121